40097
38161
15110
59001
33348
64066
62029
19795
15333
517
40261
17015
12406
58099
18244
26200
16182
24193
17567
7250
25425
44968
64454
16189
62920
32291
3668
60771
22436
51803
37898
9923
31374
32110
5254
24657
4944
21891
31502
27956
39604
19474
57075
56845
56924
1591
62015
14970
7546
51713
46255
28429
8541
2500
18903
59108
42733
11358
28127
63298
63309
43049
39727
40164
14775
39636
9605
43255
10284
56837
18141
3379
14296
63279
35255
31520
35217
50158
45602
33454
33664
64191
52838
16277
22981
5488
19158
7873
23133
4168
30981
40929
62434
62250
26458
5354
46854
17399
4579
24177
39706
53373
2069
644
13808
50308
46360
49515
47853
37493
64413
5755
16514
54459
64088
449
61855
41312
61310
42168
64035
13148
44427
5189
63227
23876
39307
17802
4512
24168
29685
45045
48865
41885
5944
14773
20395
28918
8603
41239
57768
3298
29557
25258
40074
64510
17219
15579
41747
58632
41780
64996
3643
32646
28220
25607
25557
44322
27645
11822
64038
12953
568
50023
30016
50271
32487
4298
60641
13694
18423
26149
29951
14239
54499
34525
24552
29390
33691
10300
53007
41432
21781
32465
44124
59141
12667
55100
42014
6728
63922
23026
61831
52383
3225
56722
53525
61835
31139
24019
33677
16598
38228
51183
45452
20110
27211
3856
13345
10125
33893
367
52146
4915
36304
63346
13235
14544
50677
33070
53191
65400
37917
6793
19822
14096
12740
63047
17868
7718
17889
11916
35191
57943
27173
12653
10430
63832
31588
19380
22668
55264
40517
30089
4078
53307
31821
22803
11804
14516
32066
21077
8059
34828
62432
6344
48845
55456
26427
24955
19675
11186
46978
42461
53765
25847
36478
5274
31615
17878
6104
52389
33001
54860
48471
33991
368
16364
42462
58662
52263
51589
62807
34332
3960
51023
61627
64301
55570
46344
36459
17153
19149
17709
4145
43598
6855
7300
10598
43249
4153
54452
49980
28436
5921
33289
16488
26797
62625
52855
24510
10033
44713
63451
31051
16567
16978
40910
21611
7605
23062
47520
61782
14329
43846
26944
49313
12928
60545
58361
65038
54249
11672
1659
25680
48005
48369
1515
32933
42146
21804
31803
31757
25166
26081
64350
43610
55547
41413
19442
46188
50557
47547
6538
53594
37446
59330
5027
48437
63988
19245
35294
2467
61835
59550
7849
61344
65267
47838
5537
56054
26458
32517
18466
28248
65206
49307
11912
19413
4138
333
11387
29753
32605
55600
15086
41988
44150
55036
52184
27357
3161
16032
6853
33129
20179
8461
19101
37173
47438
10415
54579
63975
64498
30462
16828
17957
3797
37404
18517
36441
26180
43388
56529
1360
44167
47065
26087
44101
21625
1581
32095
21719
13486
16420
59334
57646
22482
11228
43157
12254
22702
39154
55038
34376
18248
47075
54339
48143
29827
14328
29715
23461
47074
36244
2102
12858
12061
13519
15555
16002
8842
330
41910
35512
42651
20460
35576
17965
26933
37196
53066
65075
10336
40328
59810
59721
17019
41815
32675
50785
20428
5621
44724
651
46163
29645
34507
36410
11970
22459
34020
39241
11031
43125
43199
45899
52053
954
19821
28238
36760
30864
33478
5450
56704
9018
3769
44014
43803
4180
37698
28770
25186
31954
447
51556
9123
50071
47221
28239
488
38569
33594
2682
32560
64589
4471
63296
21729
38442
4564
27254
38913
60254
23040
35835
58765
6809
9772
41272
53069
41784
56282
11987
2750
44264
60688
21764
55112
41751
39079
25624
16457
47585
35142
16445
35096
35287
2070
34456
9870
53937
26169
20835
38151
19973
5417
40917
64978
33159
1181
24763
34622
53452
64747
56063
57265
14873
55944
21147
62451
5447
4964
31204
35444
5715
31793
42162
13722
47792
65039
32137
61767
25428
46540
6338
7481
64486
1194
4788
2022
12718
9430
36806
59651
41430
15158
5012
64133
20079
48451
16712
44277
22140
59287
41199
45437
23145
33615
35923
20034
25418
35299
50530
7839
45703
26867
30670
833
49441
7995
2683
33024
49452
10287
28423
17759
62844
31709
39788
27348
36023
40793
17848
4367
58845
1703
21437
14988
1711
39754
14292
13606
62156
47399
32926
25259
55046
52183
43959
13358
33783
20543
52223
63842
52346
58922
26548
46124
12718
10810
4199
9310
31950
58718
45550
1732
37617
44209
36233
50749
51747
24788
63827
51255
49061
43305
28201
44608
41740
16621
35959
64273
54053
53997
32366
64128
39030
58459
22138
21410
7392
1724
27709
3583
37358
54673
22896
43903
21687
49451
483
43516
60700
44384
25745
61423
55151
32781
28497
65414
24046
43069
41203
7644
10194
34905
40622
973
50836
32923
39980
1471
31348
56913
24184
35027
906
37021
15040
37666
53185
8815
21827
11258
15099
40789
24328
14196
10943
39077
40468
7836
1225
5751
3109
39347
51607
469
36645
31862
36673
36630
44537
49348
36833
20410
21574
65106
43171
58775
27423
8340
31215
17025
61730
16384
8621
44494
29632
14241
19585
64097
13475
58431
10662
39284
34847
61424
20799
55268
9560
40540
39638
22768
62934
28702
59593
6207
13010
21582
35673
63393
60023
34471
25171
27768
54311
65471
104
23116
61049
49989
31171
1422
5386
40419
36411
50735
14491
31102
60917
3384
56058
23525
33800
23384
3185
56058
35626
62051
21603
60070
25691
49815
5995
62254
8108
56038
56055
65208
51531
37398
5319
33237
30157
2394
46489
8076
56085
56542
39380
31763
18417
65133
47764
35975
41929
8379
28968
51670
44003
59894
20500
65502
35659
9775
28612
63818
42685
32800
65331
25841
24246
37683
53435
49787
15255
4224
33642
6375
36952
19578
64178
21223
46405
61255
21959
34173
10076
20626
36012
31486
55731
16102
38623
3824
59713
62762
51547
41958
987
32842
53505
42167
11751
346
2839
30065
20745
41276
8107
16852
57567
57975
62863
9940
41624
46169
20659
2497
55568
16738
56889
16043
17480
44624
4400
6851
27051
6113
56537
28268
4960
29197
39552
41825
13623
5144
61481
16659
48032
18287
16549
12819
61558
39330
57119
387
27066
46269
35019
27039
27330
60236
19622
27815
48417
59340
33371
60402
21100
41514
22339
25975
17532
33384
41655
39394
10959
21430
49781
55911
64164
10470
49558
54283
48950
51502
41958
21261
64800
28971
33061
18189
4949
56134
38537
48176
42884
30693
34479
63830
49771
56752
55038
54088
52043
26867
60142
1390
24137
13515
10982
62081
40031
41797
6437
37860
55766
64191
20305
46836
49025
2896
58678
14296
61425
57603
8219
60172
41480
10020
21067
30998
35318
25189
52518
39571
51859
16770
26392
33354
42130
42638
3612
32585
62412
38448
28869
8205
61153
14139
36061
34326
12540
47268
29438
905
22997
30820
12236
59995
4037
54794
9732
9566
30323
34340
38719
4461
63914
46631
43127
44535
2712
2440
29824
36447
44036
22361
54816
46914
37052
7028
37022
59595
47379
48340
19107
1266
60692
12311
12770
13272
16568
13205
42835
56717
26814
23145
11904
6593
48198
34748
40059
19
58574
45876
35613
39114
45644
34328
23359
63484
6114
31678
64533
34173
57249
64609
6640
18475
57111
28070
51986
4068
1861
24253
57853
52062
29591
45646
44761
43312
39894
13379
11541
57166
17549
6477
52956
13953
14682
47110
41175
15479
51228
6211
44604
12457
7868
54537
50901
63391
48502
61954
5445
21919
6673
53571
30100
21336
252
16947
27766
15378
59716
46134
5111
56869
9622
49837
57794
20153
25785
62638
51922
26851
46184
47303
40290
24053
19881
18389
52618
38488
15025
28665
56770
39598
56823
55292
64893
1925
25465
58267
18650
14671
36354
51711
34746
3053
40219
8829
37845
15422
22663
14607
54184
40117
65041
34660
3186
37973
63035
50404
9017
14755
24469
57621
52971
50035
49680
39548
59045
22109
31988
45238
18644
20439
60497
59071
14439
44501
26823
7509
20509
51777
28467
6410
33545
47406
41733
55047
13630
3794
13387
55330
57465
10465
65513
64285
22857
59449
18511
7065
45879
58917
344
54926
12618
42155
3147
26718
14713
59213
8465
39558
11487
17322
50849
37546
51257
64999
25753
56720
60996
40806
36037
44815
60681
50107
31766
5162
50072
62734
3381
7064
33457
11092
6873
61865
61638
18061
50254
40600
33823
55794
63292
28936
12062
235
37476
43792
38236
21486
58985
25567
640
26312
26378
10822
60491
23558
21401
57306
54593
39269
263
34555
28867
57411
34109
20889
2454
24132
18815
40533
34206
43416
601
62210
18595
60327
13761
20648
34860
49202
61243
31336
62732
18149
32349
38296
58417
58185
7956
12015
34266
7831
43501
44505
3071
25056
5294
18976
5796
58601
50590
1938
40544
36021
16012
1942
62697
4811
338
37541
47325
44723
31269
4410
22050
48383
39152
10332
24450
25760
38680
47879
52183
52348
8549
40935
38966
51999
39987
12109
23836
4758
61160
56248
64474
26856
10475
28674
51211
36990
47502
50004
48193
24478
7573
60949
3079
37131
26933
30004
16773
11047
55159
5241
22868
7156
25863
63949
346
23115
22203
52664
40944
568
24743
22028
4111
35485
65286
21751
59301
16807
16402
42705
1420
64930
9380
42275
31547
51828
17936
46479
28617
34756
5098
8687
15443
24553
55790
13605
44809
26780
36249
1871
54162
39999
31638
29689
22408
42295
49064
14796
55117
38792
26209
53679
3310
49776
55229
33495
10196
43182
38532
29747
16551
24313
30449
56479
2308
63068
21825
32158
8345
34062
40700
11447
62759
10863
61438
296
51196
60371
17825
18623
8250
16738
30653
18491
57514
51814
36129
25761
44532
25396
58033
28320
20606
5371
28457
55099
37018
10827
53018
60434
33798
36592
59762
57824
8447
18393
7695
28454
29821
9339
10515
26524
36390
26999
37210
11814
37283
47725
33459
35852
32303
7891
29200
20658
48974
5326
1171
15516
63378
6880
37802
9907
42694
65255
39614
54197
20577
59235
16631
55451
42776
31672
17084
42583
14707
15746
57196
47792
49395
20852
27995
29777
54833
51119
13864
46137
23906
44665
58578
54950
16964
11140
36793
61809
47328
23405
49559
38256
44151
61848
62880
62291
45952
2793
38059
16809
58597
353
4454
34351
470
14218
19341
40198
3813
29539
14078
44263
3214
36130
42620
5809
36312
39482
3689
6376
64115
63739
10446
51617
36234
50202
10472
36260
35864
33805
59051
16370
50507
40300
12689
32326
63844
33107
56401
51217
14922
16261
54812
46001
42288
57378
54388
37642
48151
45465
36113
11820
59511
60071
21202
21818
21902
23026
52170
44564
63112
47401
62947
45628
58866
51961
60559
7069
40208
12446
7343
49880
11816
33766
10263
5409
21075
64046
47391
35834
45636
64852
61862
50355
17774
1967
56449
26098
29058
46580
5874
20747
19741
34139
8814
27790
51054
37703
34041
41828
59831
35275
36159
2624
61063
3896
43796
59408
53174
41492
45843
4750
13642
36523
23076
43238
47019
15398
57325
23095
37823
784
57241
35618
263
35264
33610
30463
2894
29561
19301
2569
46423
47358
32005
2343
7731
29986
49056
2772
48479
64715
22114
32845
43293
21282
32611
17318
32407
3628
45579
50146
36940
15540
35678
3716
45745
46735
20
9778
24469
29177
5894
1031
5460
26835
8258
41287
2306
26608
30954
28585
26985
16614
13444
47298
17033
52391
13752
61462
32789
8955
52317
52505
19626
50410
4517
18419
40658
35536
9409
40504
44918
55263
54995
675
5231
18869
65340
38382
51678
57774
35778
57832
57381
50352
38076
35208
45178
45487
45784
25780
64124
54739
26404
19163
58317
16568
18457
10567
54701
36876
17835
35363
940
28946
38257
57314
2209
28437
1870
48669
44303
63879
23395
42929
37661
16701
65235
4820
46487
56785
64895
43463
36691
35169
24079
52628
10102
3540
6461
21366
40814
5304
35725
9025
14881
21178
32409
18045
39260
58012
36206
52347
27048
56005
5422
26489
14564
10643
49564
29086
17653
25799
36432
49146
3679
18721
20426
16229
32024
53879
38935
57619
42616
19147
31968
27186
9658
54491
15905
34190
45901
57321
45471
20199
65322
31401
58729
24658
36000
64149
128
22469
65444
61669
38430
30766
50687
47249
25894
56407
4835
3904
10055
28266
58494
28902
24182
13058
51355
7933
36112
36213
31668
1007
8595
23863
37316
64445
50345
40447
36252
29
22617
6919
1173
59858
42589
49042
3446
35735
12973
7358
23377
41455
30448
61331
119
7995
60089
37165
18049
63430
22200
48114
22491
2854
12870
40141
64386
36523
23944
25062
8800
65264
63672
23800
50309
27091
4429
8857
7649
7493
40746
33097
14817
23872
47329
27247
18739
13904
44874
54573
30328
32146
25717
19841
48603
53988
40102
35763
58211
50325
32973
38213
22309
34831
48247
13587
35603
7451
64498
15228
22695
62044
13503
7195
15020
41986
26024
30589
2894
56665
43086
34363
3077
7538
21828
5061
27393
35590
12461
19642
31259
41025
28262
35317
1624
37391
60993
38851
31793
14388
5786
34234
65350
17627
55729
47602
9974
42261
50501
46698
59375
27411
15178
64943
13546
45058
62406
47438
3778
20991
46463
1244
24839
58700
14559
30888
64834
50764
22797
36690
7904
11383
61904
32865
7505
20349
189
18676
39347
63776
431
26826
50050
31985
33700
26058
17377
1968
24632
63339
16974
8642
17890
57878
25712
35066
15580
62983
25916
53568
12926
2927
61666
55371
59111
50722
5024
48639
23370
30755
65087
45912
61838
17652
11026
46513
49870
22607
45778
29367
8564
20761
34791
39633
38754
62630
1568
1748
40007
57568
45443
7615
3557
13460
10411
17067
33994
58378
27217
46613
50089
42499
29299
51881
7677
24089
8821
2322
38849
56469
14499
62203
11831
7414
49251
12990
9363
22198
41371
65248
16777
64125
50906
61778
30799
12103
44215
5864
39793
7433
17920
30900
43256
30506
31694
17664
18466
55713
38852
30060
63723
48279
62829
16311
38682
62722
22523
10818
47443
48761
43235
20605
55070
19377
20136
12164
963
50326
41089
6693
60188
13036
24645
40274
45055
4769
62725
58890
23690
143
40083
52378
42983
13817
37317
57783
62596
4375
52065
24133
59740
48993
12253
29798
29220
55626
44411
50794
62648
4654
31450
18917
64488
63088
58965
23564
45023
59230
59743
58831
21735
31421
38151
8185
49538
12823
62127
6868
10414
35546
62539
48596
32686
12420
25765
10209
56537
52612
54650
14700
41418
14067
56719
372
4964
63639
57834
16553
4002
40213
54382
32971
51776
41781
26418
52480
55837
25831
22739
19623
7776
48892
24682
32062
29494
2903
63022
10053
27622
24917
30644
43803
32425
21234
11910
63690
31269
10694
14058
31554
16613
11374
17128
65393
41111
10256
28221
30880
15028
28007
52419
51448
30909
24964
2397
16991
57271
41633
15334
23713
47787
19900
27965
46964
33538
60459
32189
30774
15773
22793
55170
9292
35633
39593
40901
8309
55864
27658
15583
15382
43466
18470
20999
36328
65493
25513
16968
42276
54799
11249
55782
18167
5239
11420
9015
53310
13136
5312
444
50103
22822
7620
19650
49185
52051
40377
57316
36109
28945
30583
53352
11180
48321
9093
10471
49435
21513
47390
6500
46344
31753
54214
29073
6086
29925
7991
12598
61876
55889
30685
19321
22979
46533
45481
29029
17272
39115
41705
25823
59105
14521
42487
28495
30991
52089
47064
14907
36073
51993
49298
32867
11953
61375
5776
16160
3223
49067
27103
48395
14507
1500
12448
19533
3628
27046
58243
11003
20742
6267
54067
11400
36332
43765
32183
29996
13489
27830
28964
23244
7705
29288
36943
17131
9815
37656
51687
6576
59740
19649
42278
55451
28392
788
40959
21701
61295
31907
39499
47606
44341
1840
8139
56935
29897
17182
19482
63513
14131
13097
15180
16247
58121
11356
33598
56995
2769
60607
49158
25329
28304
48821
18533
59001
65283
40881
10815
26066
32623
34868
14176
57422
10257
59789
64980
78
32429
61043
18899
48963
45953
64865
53723
5815
33735
53126
35775
5773
55562
46369
8052
56406
20215
64447
13655
59026
12809
50837
30156
34601
34859
51502
54337
49432
9120
51810
23187
20826
9941
33819
3875
49914
27198
46203
52271
2539
45435
42692
38047
47690
7026
59616
4684
31983
13953
4877
20190
64649
13768
16781
29116
50794
1039
25668
17808
34368
56324
31781
44373
37132
36816
20562
50291
30285
19905
55204
53036
17767
32697
13589
12194
64305
25795
46872
40691
14863
31251
4784
41965
27527
2208
2262
61999
61214
50817
1545
42272
6753
24265
9756
15540
54539
41763
21456
61552
28364
47009
46696
37733
47946
45858
60917
3163
59361
47512
21588
25802
39789
28784
4833
11859
22226
3195
30538
22713
42450
44872
53438
53055
1976
44569
7022
56089
15016
3319
42758
32104
26531
34243
14918
38411
45263
45557
39737
55212
24288
46522
57990
57129
58220
4641
47234
51898
41121
49690
2491
42049
5538
26298
42332
46996
3637
47541
1431
28027
40908
42420
43750
5054
51784
46129
53019
3997
9244
27469
40425
60103
53465
11084
64762
30414
8660
14644
8053
61433
47609
62917
23076
63691
12767
37882
38233
7008
9852
46959
35025
16720
16561
30714
48330
42988
12399
41444
5266
16270
62903
17175
34267
59963
1498
39814
26840
27459
33406
18511
52475
57428
39668
30345
287
2543
7117
51421
63862
37238
47161
24610
41651
57274
35088
3517
36078
17159
22574
53575
26249
51631
16162
48873
32502
8179
18112
63204
54188
43258
37774
34935
12321
26230
16419
23406
62485
21309
14932
42663
12662
1675
46336
47656
63111
56367
39713
51962
55825
59984
7473
65380
62921
39030
982
25127
59990
10305
63205
53237
7626
64808
32569
61846
48808
11991
26042
43511
54721
40167
1534
42056
10889
29919
14049
23798
4579
57014
65024
35743
116
2732
62569
65168
10892
51158
7282
64164
63107
7753
46623
26956
18804
19723
9286
52845
20088
55822
48572
28223
24072
9133
56171
20901
78
15817
50885
4167
8185
50703
31329
43157
55732
20018
20063
526
50891
19634
63273
13669
61287
60788
40799
54654
12934
5158
52528
32547
14371
15867
49335
22204
37130
20611
30738
35499
16803
28962
53156
38965
13365
62738
46072
47025
44583
11266
37307
33439
20049
48794
34505
7936
21851
4869
6778
63414
58365
54679
8889
7443
49146
28660
60692
1526
10356
31936
53350
38116
43809
999
45301
2672
38237
48016
15621
64049
53494
61108
4944
44430
41491
52751
49637
56081
53594
3771
49232
17329
11797
16135
30911
8176
6312
47477
25704
5006
17679
32385
21945
1345
41763
21079
21988
21832
18404
14888
46620
64110
21796
27819
768
20130
15327
21414
59222
21378
7860
39569
8160
688
23055
13169
1944
13317
37445
45048
59166
54902
53498
47297
27155
15207
5544
22598
32256
50583
36378
10306
34492
40195
43969
21615
59549
64120
26400
38516
64577
42271
4541
17197
44234
17137
61936
46291
29839
33895
56903
30083
20352
24556
39682
17194
9518
25811
26822
18331
23348
51078
22611
37855
44940
7009
24717
58064
4711
51137
5171
42301
22242
45458
31320
16804
49914
225
5446
42747
3450
56151
31934
63067
4489
40131
224
5216
24925
36210
24845
18047
32049
13563
4391
2880
53484
28619
29873
18942
11839
14357
47763
13336
51386
7409
20786
55984
1567
31005
57583
21122
28481
30964
9819
33983
61045
29861
21339
49961
33541
41124
9214
61910
41457
32581
42107
2105
677
58232
47217
23736
1189
63668
55152
39354
3600
36410
17992
22875
53281
1300
26053
43974
12552
65492
38940
8484
50020
36751
40565
38438
25288
64105
59616
19294
53573
6654
11496
61048
61280
2433
55565
57670
4817
56591
60135
46073
30625
44296
30291
28569
33938
15783
4719
28193
18876
44328
64191
41964
48125
41533
22656
30024
42512
28444
51014
12367
36259
62007
40470
32419
24120
43410
34693
19811
22894
7515
43830
47503
37472
64275
61662
53595
300
45904
39620
26348
25552
36885
32049
12727
28000
13147
49018
12106
7092
45933
8485
61655
47330
59649
1110
11929
28947
20541
1963
36771
18019
37669
58048
13129
38740
37876
56769
20221
32168
41264
38589
877
20280
17320
22023
39716
37959
56446
33020
8922
37835
20388
50942
59558
13597
27350
63244
42320
18516
58108
54909
5658
41021
264
36051
14544
8043
54488
20618
36108
1307
61262
27041
43368
5626
10577
2477
1989
25296
16782
18694
60907
7056
63005
38727
59701
27913
41480
5069
43517
39360
7211
58690
19742
57716
4289
12058
6443
44981
64408
39025
29002
31699
24235
12578
11211
12476
59553
45486
21992
20459
13663
46112
26850
16029
2435
24982
48337
55423
48511
37847
16327
1118
2154
17866
38450
43249
23534
30201
9424
38086
54765
35583
36325
39221
47801
52525
29084
16824
61537
13208
8486
24215
62011
8526
58405
23292
31851
51908
45179
23631
10111
25006
50708
29773
12685
60376
15103
30591
40628
58010
8272
21084
18735
12506
57339
63396
48335
32703
17545
61785
3778
23975
12809
15493
33199
21141
15536
49453
23556
35112
64314
55126
23184
6877
5246
37692
37976
33057
3705
11481
9704
7378
62298
15109
54204
44665
19052
24176
65244
63882
35050
38676
26856
29994
51438
12327
8985
42554
19021
13089
44842
28810
11780
62975
23253
29781
64767
2484
48377
32402
59117
50991
47775
7267
31379
58617
30895
4210
8355
21406
31532
9016
28480
10247
33311
57408
5390
58453
62576
49887
61260
23864
12920
28030
47439
47792
43173
4364
59087
60961
30131
35024
24169
64004
19137
30511
62257
22444
17493
2067
38106
9878
28070
7917
31858
55907
41309
63763
19810
30656
52840
52700
45138
29683
35524
28568
62823
2590
9563
7266
7407
55829
26083
38782
36214
17039
61166
49891
17129
34637
16618
20817
26637
27321
18461
45859
37476
63757
4237
12034
46330
7749
57170
54080
58317
47585
57851
43971
31309
62622
28547
52471
22301
43889
63128
33363
33796
15221
53169
4649
11172
38822
26588
61903
60864
3984
5535
46322
17750
34315
64153
40736
25366
28330
40788
56409
56506
25122
5608
62469
42201
52581
41996
44829
7765
31300
32229
31838
59794
51669
52514
37872
30879
27440
32548
12232
9204
40944
37129
41927
14304
43672
34807
38147
40544
11647
40956
13373
9151
25103
28821
33579
6656
54388
15658
45467
45744
9669
50527
23274
13525
28762
4569
22839
1569
3083
5078
21923
43237
34058
9665
5373
11990
53508
25250
5206
9691
44435
32731
53492
33852
49371
36568
27901
45898
9927
64314
63571
5206
58792
13366
8875
3420
64361
9251
1489
50715
60575
63274
18545
64142
43601
1977
27281
63878
6304
2382
30246
24068
50728
56948
20227
3987
25002
63162
4460
11098
4123
34474
64638
40233
34778
24034
17585
29269
50441
24443
56565
48372
46077
52078
40026
10517
16421
7567
10788
33027
17348
44127
55528
11039
60237
49161
34000
4740
61829
4421
1612
36904
7106
60254
284
55518
27329
37407
33916
17409
9957
7713
30956
27410
43295
25648
33663
46582
56175
34321
44375
14185
48457
36390
11023
44337
1517
22460
45208
9207
50474
14584
35270
16707
23971
17953
50425
31027
47854
7297
62769
9730
27052
26623
13337
43542
33808
19084
30245
15026
62555
40025
50502
36740
44718
37486
36128
18433
27107
15374
17998
32664
21313
37011
17028
38148
37676
39515
49954
40369
1183
35715
10113
29165
20306
7157
33013
27788
219
16489
50058
51517
62635
40533
58884
49215
8131
64958
50992
24330
38959
60560
58777
51732
4720
53694
44915
3117
50763
1376
12722
33976
38793
45423
14876
51944
6861
36226
35646
31581
40111
36661
47804
46065
27329
16262
55815
7220
35476
52736
24500
21501
49375
63551
35271
55062
10639
30674
56070
22564
53882
30385
27288
47650
20345
50494
9930
41269
13170
10335
39613
13015
59755
39750
52538
30273
61780
32372
10454
10437
28450
49642
34568
56360
64030
11547
58605
30794
47031
18546
27989
55473
58193
56156
59669
19576
46652
60908
56412
25072
36388
882
60934
57806
64974
6053
19216
44715
10193
40655
36445
29506
34886
8999
22511
37843
17122
20963
9931
5290
9962
30821
29876
37667
50707
53979
6910
10960
3007
4984
10444
40949
21816
11144
14562
16406
9120
26476
29784
59493
27927
38392
62899
32305
37663
52030
33748
36554
44257
41455
11468
5398
64762
5108
11852
48717
60958
11369
39764
33272
48575
1170
55108
14464
28564
20155
42949
11055
10463
42329
63851
19095
1364
37570
33129
41253
14762
17221
20682
30631
54347
36996
64589
2256
37777
18846
23358
46805
44135
44113
49932
6271
61101
19112
48086
63215
411
65347
61925
27703
59943
58722
5833
16903
63436
21931
847
63045
23677
5369
18984
3376
1147
49988
10283
30323
39011
4115
59268
26547
17276
54717
7615
62138
39607
50941
35595
10417
18421
29515
7474
62380
6939
36562
26326
44442
20745
27199
24338
65492
38630
13027
3837
65300
15333
54301
44453
21920
54360
10545
59735
59266
10280
58503
16725
382
62666
63765
12081
61057
282
36497
59918
38165
51282
18945
3816
4562
33674
41205
8625
13126
38450
5768
3570
19519
33777
4009
13271
15039
20627
36536
42644
17905
28105
26252
64511
4129
45212
62413
16924
32238
63794
26447
21749
58097
31644
1076
61775
58008
63677
22840
60405
21872
45669
59845
9946
22810
28207
41770
26765
53863
10881
33368
3731
25034
63342
39992
45593
20537
33006
44263
30387
10260
3746
51092
49542
47380
57513
64096
21456
42181
5472
899
21462
7809
3984
297
53006
13495
60021
64994
51204
59599
16650
56840
58767
34366
12892
51629
6364
30318
25538
2025
36466
27474
59722
16111
15295
62795
37889
10098
51294
13286
63567
14017
60670
51741
61602
53744
35223
13877
52947
62579
10859
10423
6029
11022
25343
57273
38512
16319
64504
10564
20135
1767
57082
22905
27231
22941
22042
40543
22838
41317
28713
30556
50037
43812
8942
56067
61363
20250
63476
38291
39693
41816
14427
32005
37054
46185
25344
15787
27598
4196
9994
41592
41924
32771
34498
34491
63103
4875
34815
51976
36738
31145
19250
58459
54832
62010
34988
12077
39763
27308
57000
360
54431
50190
5531
46051
15527
21296
49984
17810
20673
43050
8729
53236
48281
57956
38231
24395
24283
65509
1767
573
12736
36422
37378
43980
39792
55379
616
58677
4904
51840
47828
9864
25172
49659
5349
48352
24948
11883
50662
6971
87
2024
29768
55661
43177
26370
55542
28497
15966
60480
24055
2616
1553
42834
39093
14657
26210
40156
25577
59911
32594
28036
49055
25940
49293
65462
10083
59350
4654
28674
289
60316
9650
40709
9593
55605
51667
43361
2743
35483
25110
56058
62402
13300
28238
13606
16864
56808
8134
31668
21452
7268
46448
34780
49184
28831
25887
32894
50084
47663
64728
13876
24072
52067
22547
52457
46511
18081
14663
31322
54614
2273
37689
21119
14742
58647
45122
16400
30008
33383
11080
14179
40346
35473
7450
26871
6048
52465
11501
48878
10600
49490
59740
35774
14843
34532
51128
6863
27610
35669
47269
20343
37795
17025
29757
41583
52756
42189
54643
36599
43634
11607
48348
20955
10543
8971
54305
31103
21389
59475
13557
56989
24223
45868
51097
744
30252
5080
31121
32596
7167
18538
15117
53951
33693
45081
17960
4652
6774
5493
24919
52304
25085
4114
62067
48036
22052
39554
48258
27111
2433
18110
34323
4746
63477
65396
24919
26410
11632
46366
3008
35839
63343
13295
221
21024
34154
40357
15965
18268
33851
17503
53920
56311
33607
10807
22844
8561
58959
40627
63844
23013
64725
59560
56656
56838
36640
42182
53163
37255
22012
43732
19147
5069
62090
24933
22834
36750
27719
2366
17056
31620
57838
32894
45113
6486
37564
26841
33710
65000
9637
45689
54332
22637
61403
19984
58328
4434
14803
41051
12017
1929
3733
38783
52923
32586
46792
26246
54444
31000
47401
33643
25408
4970
13972
8483
10751
36152
11567
57432
18144
64341
49353
50391
3396
26377
18132
4237
15444
40198
12734
65339
41580
56408
18011
32220
8654
1182
65436
29154
1436
16652
45883
26761
43172
56761
15751
2902
4179
23620
34635
44449
42761
43702
54768
50094
34708
14873
28454
798
4122
23213
26476
18351
49768
51121
7349
52299
42759
15451
50744
25042
49881
34228
51387
48595
50891
20942
18890
1567
54789
39949
51805
64315
10680
17805
46880
36733
56251
6553
53898
5707
13392
62491
5731
1181
4425
16035
10620
4162
31157
34101
28753
57998
18824
23941
36092
18590
64896
44453
10602
24890
23910
11437
17588
12975
29970
46535
21953
38647
62710
58283
46950
39064
61653
36697
64616
34137
21897
1372
17134
11670
11040
41704
19900
62972
11042
54780
20499
60542
42477
41854
13668
61865
39257
11107
15056
31451
16628
1519
14135
62346
47876
8702
17650
8273
18277
17525
35900
51258
43941
51147
25240
125
30658
57104
65306
47392
21648
7001
33796
33270
58008
37886
44088
21164
56454
40910
11288
15252
58365
46899
55650
38688
35640
4080
49792
635
11340
13717
15360
49613
13180
27275
35197
11971
9933
347
59919
6884
26102
24885
3327
26911
14984
47595
3640
27111
63877
47267
3005
38695
10475
10228
45314
37425
9531
16515
33616
29401
38360
48776
39016
10660
6134
31593
32103
61165
17479
55467
57554
40324
28460
39205
5893
20798
25574
16376
25632
9195
54366
47867
61286
30047
1474
58834
48759
23560
57225
16256
9321
28391
24221
21824
4662
11500
38583
17486
59569
16894
36136
35636
47913
41435
13290
4212
50731
9338
40864
31084
4299
14302
56852
27684
17772
33655
13796
19955
49131
64475
36099
60164
65114
54896
28286
3981
12002
1430
30493
36817
31376
29311
4677
50324
40117
35139
40395
13647
59884
62357
13785
43187
3562
59584
60655
35356
44761
29094
2209
22086
51199
32884
13782
55805
5305
7231
31489
50851
59753
12060
24465
55526
10949
3094
34562
31494
51199
34996
60485
8083
29385
33191
8024
29011
25184
26915
10110
32972
41274
14552
16575
58970
17028
1948
55281
48738
35068
60874
16780
34959
51596
21946
368
5981
31364
20658
1094
19279
801
58184
1402
18131
64243
55294
3176
56465
19980
38954
28950
26048
47785
19147
64406
21097
60200
41809
24298
29331
40388
23555
35885
13910
27511
15792
6601
19175
34192
9810
19072
58042
54433
45004
21961
32983
46486
15883
65175
37268
23506
50861
43192
56490
52696
65460
38837
35045
42135
2335
15470
40879
18764
4762
33129
15185
61617
41874
46156
48490
49377
54938
33625
31566
160
47254
37282
780
38549
62362
24458
23313
1891
1237
7364
13981
52016
63305
28005
37940
52783
32395
56586
17519
63547
5378
34198
64974
5367
59095
21421
11312
32936
12854
41157
28197
29032
37734
47298
57743
3990
62682
30766
53614
24564
24510
18096
30916
56934
8717
61313
7319
1954
51885
45558
60983
14908
23451
61222
20544
41969
14484
60201
50718
54949
12032
31545
22336
46053
15410
42780
39548
17965
55714
43910
51431
63154
39835
30665
14618
38934
51187
29942
44385
19765
52478
23536
51177
25571
11294
16750
63239
44528
4535
30027
16632
31177
37000
62329
40416
40884
23457
41876
38551
62846
51717
1098
6261
53348
59336
12970
5508
37606
8329
25027
43296
12392
37151
3047
26727
28073
46016
32685
31151
33128
47893
27371
48245
62914
11832
14152
35357
32599
45821
5531
58925
25634
31791
5010
47583
10515
6567
47794
6959
17981
10400
45777
62708
898
51718
16458
28035
5329
48262
5742
15891
372
7029
64210
3104
27362
5657
63639
51784
28514
15786
31294
2376
2190
36016
29338
33174
24299
26290
63510
61293
28826
35828
28284
11544
5265
7851
16843
56175
51583
26579
63310
65250
6361
17066
58766
47690
9412
27953
54838
55507
46101
52028
19755
20180
33671
50980
57244
34574
1873
33867
35490
47445
51956
18112
41702
30876
20386
61055
56318
60444
12219
57416
37147
50085
26996
30725
36733
14198
51421
3984
42304
26408
46609
36823
12891
5166
64917
47254
62737
3940
24746
39842
16204
14131
27496
4997
24645
3333
43753
64783
17873
45419
38871
59479
64037
52781
14558
18651
64949
25906
58268
4217
24908
14969
47759
18012
62452
59050
36467
58070
49647
50448
32443
27533
54
22126
23492
57786
6441
49827
836
25896
31386
50802
30363
41322
61669
41166
56724
49722
12877
8508
9234
40147
28954
33847
2699
50777
39267
59722
51618
57385
23655
32342
58426
60530
21260
13573
31232
12283
10464
5157
60020
6643
30339
13770
65435
8207
11736
21829
23239
2780
18847
39485
63864
4364
59964
56371
45746
13602
31288
17084
47341
9619
35809
3620
49487
33431
33599
55487
45697
23729
5505
64914
58933
20342
51825
59948
3661
60926
48918
28809
64446
37438
11306
18374
43149
32940
50959
38408
32065
62664
42257
13858
54045
28954
62175
21012
39824
20836
24313
40226
52361
65327
48469
10312
57241
21020
45076
36951
27174
28139
64951
57906
25813
14481
27818
31699
46732
40614
41846
40198
5902
18648
28453
20481
27771
14901
2298
46126
12330
36114
2800
43074
12144
34289
59750
30540
46125
32459
39167
28793
2417
42248
22171
14959
40478
20740
54363
53118
10505
56715
34675
29773
17152
48332
990
60154
42890
38654
62493
49645
32483
5628
24162
56681
60277
30334
46535
22106
32227
22818
26834
51046
24930
28487
9108
40068
36518
44847
54185
284
46468
35554
48100
29102
46390
45179
58103
8188
34285
45458
21790
52033
4994
24083
31790
36216
43598
61120
40667
12708
30460
34234
10674
61548
13396
32758
53836
53869
4744
58945
10796
54461
35282
39958
24145
1623
45647
7385
33888
34310
57865
14140
11988
15052
13185
19369
36191
13805
41076
5156
40146
5720
39645
65267
36541
13474
24455
23262
23972
59038
16437
60874
57205
55638
25000
40842
4830
35357
32900
34972
62682
20928
59948
60227
63093
34577
62963
5863
41046
5979
18718
52011
22584
28678
34651
5102
47681
64160
8325
32886
58959
27044
41731
35909
64850
65057
7079
62266
14620
9539
58383
27006
26157
15971
7712
35206
41027
17796
21469
25940
55950
43082
5185
49893
27022
13040
60062
60143
38215
48565
18898
15981
60848
55239
11531
64925
37471
50123
9299
44747
22495
32146
31810
44902
59273
35562
55660
42302
34937
16906
57152
7434
48550
36131
83
4719
12748
24631
30931
38820
36639
7284
40476
1391
17376
46457
27895
57557
39513
4752
49717
16716
16475
28741
42397
33022
32423
18589
26005
16967
59977
61643
38543
63423
60832
46436
41042
25512
20327
56135
16806
5939
50881
58322
65532
40246
25609
3626
2341
45544
52980
43713
3815
5219
55832
24528
9183
49969
9289
21657
4923
7902
62482
15315
65268
40072
43163
31468
27999
62144
62833
46807
52
38501
57526
47818
2511
28375
30658
15263
42236
24979
64837
8219
57409
45901
63038
54962
34046
13531
51905
44857
64558
48760
2313
62613
4402
26799
25495
14943
1535
12136
174
59612
4421
28475
39825
907
11420
32089
50294
59223
57159
31571
59601
23044
32634
6181
3209
56939
60939
56928
2695
756
33021
19798
11334
47850
28425
6835
64042
41244
23386
34148
6492
42031
1581
3570
30710
17756
36740
28092
60279
19542
2436
24145
24657
23478
5529
3401
33349
49138
28676
58204
60717
34971
44734
15647
10975
14184
23825
46693
32219
12092
59396
15224
51179
18488
23573
63894
1527
42169
62038
17740
60049
26894
6197
48294
14169
37542
61311
56963
38774
25853
1767
46161
10940
3765
27758
7132
49069
23301
1978
52587
33501
46054
46461
20956
13754
15350
44586
27491
64157
56028
4182
4459
34135
46252
48515
56855
63624
17421
42945
25222
35870
56018
38177
5451
32805
49088
63690
42349
62390
61453
37931
65121
37942
13996
59579
19333
22537
1690
46414
45985
47922
3263
14721
59316
53455
13743
52195
15226
36085
11305
33539
47799
17591
1548
13095
27922
64212
53267
45523
33117
1248
43732
10206
30732
8105
8241
21392
31893
5248
15604
33873
37189
37877
53199
39007
43768
17692
32825
26459
28624
49703
54936
24382
55053
47011
58206
21130
33549
6292
48031
43888
40871
18206
53177
51241
9130
41387
25277
11874
22186
37738
28098
24605
42219
24878
43877
57367
42753
34430
7517
18344
59124
22904
1857
19383
17411
49210
34001
45291
13190
54729
20116
10457
54968
41078
34080
62670
53164
25923
18487
48696
42229
16316
29446
46399
33081
40569
34503
53112
52819
8006
52322
12962
41167
57949
45483
56822
26685
36828
17821
19784
49464
51086
20219
26555
7103
55866
21063
12320
45229
63002
65014
36166
37379
48665
7767
42089
52784
13750
31354
63923
13625
64077
17845
37577
29937
35011
56212
16504
40696
42066
4922
57647
32846
38790
5506
49027
20692
60055
60952
63123
17850
53295
22609
19513
11033
41678
27243
22971
29663
20595
1055
11379
5979
27521
16272
40407
2265
23408
3962
52400
13044
2137
21302
48310
8324
31346
7204
42406
53841
62863
43056
36514
45226
20952
30343
15553
13644
61963
54962
14902
56672
51279
7370
22888
39559
27124
36545
39311
7384
12695
29505
15483
50640
60870
4684
42731
43940
39947
18863
42227
56225
3799
2863
32536
45700
55080
33457
40818
53110
51687
51397
64600
17822
28782
63211
25146
3087
9986
21615
48986
27050
51990
31256
36050
56084
8556
49014
18860
38735
5289
17642
46399
58227
23948
21518
5997
57899
58425
24429
27639
53953
54224
41539
35452
850
54833
961
41380
1399
54980
46765
64853
52958
64596
34104
35274
7240
5118
25450
52961
794
52167
37529
469
6888
3618
18403
43986
28093
39937
32898
27611
5302
28646
8729
39062
41633
45317
18845
8190
41104
15609
38935
28419
22686
54191
30567
9349
52393
25221
19827
15955
1257
64174
30915
52811
33168
56989
35481
9400
46536
65040
45608
20767
44937
4446
9779
57705
47562
13495
46671
7808
15613
56603
11881
24201
41916
1875
59022
45115
258
57419
15
4638
8725
38074
50960
27381
36239
15111
24113
161
63896
30074
52004
27552
26613
43804
4269
53382
40428
11504
20164
18524
47901
49946
63698
35991
59262
13918
39194
44796
55527
13116
40097
55023
58720
64826
58871
27019
44404
56487
873
8268
7091
21178
19769
61406
6147
50449
44462
54127
43611
61987
39681
13012
37534
25118
19866
37513
49671
49582
209
20530
5240
60246
43756
50048
26981
8502
43027
57344
23793
16643
16154
31550
51839
31389
64779
11675
8135
4054
24710
27740
59286
65069
31705
49401
39235
23095
34341
8782
16356
14503
27684
57130
25382
43095
29378
63355
38471
58937
21771
38682
15303
46974
33328
2159
58252
34832
7609
45193
16556
566
30332
32519
16276
22655
8542
45770
28111
49661
63401
19791
29514
9193
33409
61588
4570
19313
45529
46923
5704
47006
19491
30040
45277
37177
6839
28079
28590
48742
28170
57814
30065
10587
7515
51199
22423
2269
6197
40382
39043
12964
26728
59172
33007
5796
55322
9493
63590
32123
20906
61717
57119
27334
44445
56229
32302
56721
40711
28641
35668
38875
41837
21658
12763
39344
39867
17329
65279
33208
34325
3712
14813
25947
54363
44574
19556
41518
65531
56023
55430
6523
52600
48058
33423
29981
19025
13728
26739
35801
13608
12473
21016
57025
59429
15667
5534
6838
46643
40346
43025
51203
8141
17180
51779
12199
5676
52958
46099
57279
46540
2616
58983
33170
21121
31685
15025
63518
29785
62615
1214
50283
14112
10922
46399
48516
23051
13664
59958
46761
40924
34737
1152
20738
43880
22037
53797
18245
2345
59033
21720
261
65395
17169
39377
49483
51030
52097
33656
719
24329
49774
62083
53589
30671
25803
13049
21920
4
7069
44363
62965
7562
53820
62027
7223
29150
56966
31785
25840
42607
20695
27253
10515
22365
44641
28104
27344
46792
58551
32567
26309
38135
46268
15647
19341
48985
63716
63501
16836
12878
23772
20297
55867
24240
10804
42184
24000
11384
36486
40999
14125
46201
48468
25501
32368
50728
4379
63682
32827
22017
26509
61953
32400
12324
7918
9068
54633
48296
20792
9397
7977
17655
559
27998
4802
49122
53657
10509
60656
8165
44010
26827
16127
58728
30435
37779
3135
40485
695
49727
53519
531
56659
62221
2591
41267
56639
11983
15472
58596
47273
50264
46569
61129
47853
57597
62519
37949
57759
15667
13771
17050
51067
55633
62369
51644
36128
65055
39097
27946
45778
6738
27198
30093
29128
23278
37221
29180
41087
25840
62064
17808
48631
34827
20851
29361
11492
7233
5820
15092
10567
8519
45414
567
11719
388
34659
62819
33671
39811
21853
42911
12199
32238
56344
6926
35023
58737
16974
25522
64639
55341
23870
51942
2871
64170
21397
9627
19732
64013
34800
31536
15761
21733
42873
60705
21979
54265
17381
46086
23036
23961
38274
17932
60712
35836
37046
43070
32181
44920
32596
11001
56560
17396
46891
45017
3233
43675
29412
46355
4476
59368
4234
35710
39168
6607
12599
57708
1022
32993
9740
29959
16698
53221
50746
158
18780
5858
34182
50749
35115
43060
25512
58854
13762
40663
47098
44584
38850
1393
44488
38909
25301
65491
12248
24757
43114
2943
57694
39810
39397
22411
8581
61241
51208
48745
50737
60722
61907
39813
52750
62276
57983
61736
24732
11911
60712
11346
30732
28184
1736
38205
17910
4230
49503
30131
21967
23707
18666
59712
8692
2882
32854
38071
61078
51892
37757
26298
27618
8698
30614
54333
27788
29656
4779
57916
44963
5798
46811
16333
27802
27880
6358
14985
27453
24462
35627
62488
42107
35784
32739
23107
19285
29680
53649
44814
8963
54007
23109
14492
9027
63427
31016
3593
63521
20578
14993
15915
25794
37135
35091
14473
46230
32877
7131
61607
55605
38145
13496
42746
47249
62059
28731
10932
16607
47937
25865
23993
41682
3296
38858
21935
20659
60258
32542
52011
54927
30448
59510
30722
6462
36047
48598
6112
51629
4131
7519
54500
34800
44589
59122
43312
26798
33280
6824
59263
53739
49373
53813
18498
42996
35858
17878
10888
25335
47163
28265
39168
9183
42606
56898
52107
5333
4256
61128
60978
286
3371
29998
49026
49974
1126
40952
49244
31658
1049
14782
10487
23424
41932
25853
12259
25938
61592
8550
22131
65489
58472
9234
33561
62410
17267
30388
3137
31183
511
59772
43594
6888
35842
4861
20443
1627
21392
16772
45202
27382
5125
8542
47373
59017
12331
54245
47860
61343
21792
45850
42229
17400
1544
25748
34854
30086
61565
53543
24543
59128
36441
2516
12868
55295
34759
2922
36133
44871
62696
63906
40749
55072
54964
64763
65199
38810
17065
18839
32810
22417
40461
4679
48932
17989
54214
23963
13229
41302
16179
59807
41955
444
4322
8204
8628
11679
7345
1437
7116
33594
59349
3902
9508
45562
28289
60741
17084
8766
60480
4905
58656
48401
34531
52315
6904
9221
17055
35838
29989
10122
62280
23790
12952
25410
47422
42422
33223
35770
6133
42035
5430
53887
18022
28283
50898
33711
31437
62143
24848
17625
17678
26626
56986
13709
16295
41569
49677
52213
27718
58953
43289
29500
31447
6973
19012
28637
33215
58763
60491
31023
25856
43569
46648
30253
57821
45125
22924
32902
20596
37697
27797
1579
4912
36602
11855
42547
30612
59273
4109
44747
48571
49173
41066
12168
2243
53988
28051
36261
4991
53244
11563
17081
45559
41657
34694
22169
13345
16157
7152
37974
53758
42629
33363
46908
51735
47757
63854
20765
30593
56519
16022
46172
58462
1718
21093
34498
32386
4185
61425
48762
34107
56396
23271
11435
59099
48349
57131
27268
9058
47661
61520
7528
42894
39808
3953
11588
14193
46736
62756
54913
14145
19861
57319
58717
57097
43718
10217
32205
53451
45380
59333
27050
21972
52283
21418
9888
736
60267
20345
44681
48926
64223
6263
25579
55105
44203
52259
27640
8115
6226
49351
54558
3433
37593
8724
26876
56314
36510
18735
42374
30942
55167
36365
30210
35113
5077
51676
56494
36308
30466
56897
22421
39805
62866
20385
42746
52750
22480
54255
40458
15810
29868
64630
10151
23478
60349
13272
46318
27437
14676
29891
60422
34616
3169
54631
20202
54480
25546
20202
32879
20628
36112
31018
28519
37386
65267
35204
37471
34824
7439
61906
13830
15319
20649
62746
64394
50333
13297
41196
55441
57886
49451
21244
1494
30108
4098
35249
17090
3420
38257
17964
14852
7559
60790
26018
29761
29115
53554
34750
40967
22800
47525
58300
3396
13069
41850
13300
53879
64288
58173
47050
23060
16592
3327
33228
9223
63273
58181
64220
63882
54451
53556
36721
32175
47022
40203
44850
7823
23536
37902
47164
16287
44586
27335
36322
30866
3122
34175
58783
19472
51569
51534
41310
23652
64177
36369
42556
12592
32961
179
23764
22212
52437
31353
19812
18676
7007
14212
6654
34983
19849
20712
33108
37865
36855
8722
18261
47316
25569
20944
62406
47225
10540
38748
45445
55817
45922
28216
9833
11682
63453
40220
56494
64043
31061
55225
60594
30843
56567
42588
29667
28284
56076
16949
22047
60203
55634
62927
42432
59330
47835
43415
40793
25288
704
18147
21497
11337
10066
21773
24055
22173
23338
51362
30750
55788
37630
18630
39849
27142
29563
20469
44541
16079
9662
21721
45232
62480
13809
26443
1327
20029
58001
26568
10426
23776
13331
16960
53162
3166
52689
17221
42836
18618
8524
55497
20868
42313
2119
18957
18565
42477
48708
57824
19785
28879
26861
49786
14825
51123
6449
26224
5072
34067
28797
64071
37510
13878
47281
42480
19921
15146
51019
50652
24138
27942
50075
31464
20550
56359
59112
62549
40579
1169
28832
22554
42963
27113
39237
35232
45378
44889
28530
16578
53980
26743
15072
54000
7714
32829
36098
40929
9406
21704
33294
52680
23350
41250
279
45977
41375
44945
16376
59022
13259
49533
28311
21342
2409
64717
40507
28341
47636
60001
58212
24580
8955
2392
47039
56110
28176
57395
57032
64408
4769
59299
59355
52173
14749
59574
45065
52574
36767
15748
60635
35839
56987
54124
3467
23792
58149
64323
56803
51609
45238
3573
143
10446
6112
34320
55203
29156
21669
46102
45005
9994
39987
25494
41890
5402
13334
46420
14238
34123
7406
16141
51604
45583
47081
38302
35300
18074
21340
63099
50662
15244
59721
64973
24621
14953
18006
46956
20162
27149
61812
15122
25805
37290
32695
26834
52590
43135
5817
37750
46320
24366
36344
49319
57698
20776
14656
4030
12796
1513
27261
58402
30246
2763
21811
38258
46204
19856
27940
50148
23718
35111
40466
50793
21152
34489
63994
26538
41962
57978
27398
59304
57029
15429
27266
25467
16366
10380
4266
56033
46570
2126
61201
14445
21331
57195
404
24274
25668
62160
3036
54316
18615
1088
37578
11886
37313
28614
53694
10826
41714
24222
27016
4633
53024
60450
1016
27457
22825
24752
43138
62914
28406
62329
43870
4510
23691
61077
13476
57
38331
47950
52903
46208
31581
59399
32363
3041
8701
28588
37549
2579
36227
31084
15945
33123
2650
48722
64425
30833
37041
19046
61395
10065
4588
9856
59814
43687
3868
34297
8968
22683
44417
31443
53707
29137
371
16389
29953
10414
55936
26725
14040
11337
57824
35765
7404
57284
1086
49683
13206
45398
17680
26000
49718
14105
44818
49034
24654
16396
29993
50318
11460
59168
26570
22527
11152
48137
61542
1510
42964
64157
24465
29243
17589
35503
19578
46463
20018
51318
11986
53971
65433
35498
9879
25353
62882
44384
12039
6087
52141
41464
6418
12793
29499
53657
47260
18314
57113
61535
15792
51114
18340
32607
7510
39986
26942
38443
58207
32425
51470
55719
14848
57877
9366
10646
47430
1987
38354
41609
9332
49536
2269
45960
4703
22879
44976
3496
17566
21521
9491
35715
38125
35900
17476
39859
39577
45719
7421
52026
63098
6498
19504
15548
40674
36667
53157
55835
27286
42035
25635
15548
37199
41939
32693
44047
16453
34011
47799
58999
31058
61409
61898
52965
6755
63790
11713
33988
38071
24259
13821
23223
13196
24051
34724
55956
52577
61004
42051
61704
41270
38890
56226
39209
23736
17377
31339
40981
45952
39327
9224
25988
49958
35754
33569
9405
49848
32679
64890
37559
35021
36919
10669
62771
55996
16505
5361
59069
62009
12788
25508
48035
32916
6564
33130
16498
28666
36671
42045
26591
8534
46197
18647
28289
49932
6127
60239
29337
16974
35974
3533
14933
27934
16705
1152
39056
65315
42204
56992
43197
33007
55091
32852
52319
52823
57246
13435
49065
33793
52513
4749
8734
25007
64770
16713
62326
22754
31460
41341
33585
55634
24051
40724
14883
10006
50966
53373
60724
57828
40269
53376
24462
11297
40467
2876
46005
62535
1925
30580
38013
32644
14140
17284
23463
25854
47543
57644
43250
47504
43278
21140
12061
58758
2629
13690
55893
3549
45585
30124
2284
2296
26049
47362
46435
36621
20880
54409
17277
55195
48032
63585
48659
25360
18192
14751
20297
10456
54815
15754
51087
58393
25092
7455
33778
13067
8716
12923
45566
10023
24208
57150
23141
61117
43027
15442
33968
53818
51955
33881
19479
59655
51668
20506
11232
42524
55840
53086
6344
26144
3109
1870
7333
62134
44394
24765
9
16276
13934
48264
303
33066
10738
40882
17866
62010
19344
15705
8128
51919
46756
3646
64441
373
12022
18449
3588
40697
43296
46695
60418
61517
31487
2637
64806
4807
64718
26678
36264
64940
5200
49122
25987
3517
1097
39514
42028
59676
48984
3665
48151
59686
8136
49303
8075
18173
21460
41283
60874
51946
61743
55120
7722
2071
33019
24888
20942
13894
29895
60975
54277
401
55471
799
24685
44704
21227
4668
43760
37659
38993
62825
44241
65011
51550
18696
50155
63756
41045
56141
36901
22032
52960
62493
51268
32641
24599
6049
22929
64828
36110
27637
65280
30331
4358
42261
8020
22368
33773
21447
40804
58400
59214
45832
960
9706
45170
18289
58281
2511
28691
53686
49363
26948
12191
51372
5728
37950
62633
6635
22472
19243
19408
55855
53661
52645
58313
11241
12991
61329
57794
34730
60934
25400
5608
19649
50267
55895
60421
64261
52345
7498
48144
22114
43741
51543
39634
39740
23635
2973
65071
5842
5581
27514
33325
50653
31527
3452
47455
28305
4867
42233
40389
13755
6897
12019
51880
42249
18836
45996
29159
39044
9911
29106
26839
49864
20753
63007
38153
27488
27266
44816
8828
5763
36841
13763
24357
14449
6442
48541
35980
28260
16069
7905
53781
13758
21137
18513
61852
46156
38130
55279
3042
9992
38768
51671
50217
4238
46172
28466
20282
20462
10815
43217
65308
11227
52640
60657
13492
6913
32092
17750
34817
22639
62899
13051
52766
6326
61282
63695
6280
48669
43501
62126
6542
15955
41882
47707
61598
58504
52170
32691
7239
3624
44552
42889
59872
49775
64717
6579
5745
33655
50204
10088
40088
20164
33862
54360
6391
56292
34009
23468
22487
32355
59300
5775
52268
52741
47984
37527
13239
64304
26705
52402
15067
60844
59737
57760
20316
18331
43689
59382
30681
52052
2528
44798
28242
31535
25424
44392
2737
63639
61669
23045
37022
41371
58849
57958
25298
37597
23381
55076
44037
29546
20051
13374
18606
39132
48558
27524
54067
43040
23043
34990
64191
27580
27388
33983
37488
8714
59860
46313
38225
38468
18602
46664
62427
3049
11608
41953
39264
42286
30293
35546
28006
8754
7118
4381
31262
36925
19529
850
36631
21420
37389
1749
9474
9665
3451
33079
43785
21206
23886
59664
1643
36560
23230
4418
41614
38733
35138
63126
53
15603
28539
20472
8964
7434
52771
17311
7536
12717
7715
39524
29761
38190
8678
55411
3679
31303
10585
46587
2360
24116
3155
41874
27025
56955
27154
54374
9061
23979
24608
44645
9686
16143
35488
30791
55178
29780
10861
63855
56767
16042
47794
27333
22870
15771
39602
57071
1518
63965
37955
12590
21015
30544
40575
30668
12475
9592
41639
10898
61723
26230
15325
50284
13633
44297
38790
16078
8399
25932
14559
57158
16259
61397
62668
14206
14412
4289
19271
28946
23785
51036
44994
26148
11411
32501
58400
25641
9929
56283
20341
11740
64657
52802
61099
64992
63779
29606
49819
44159
27450
48905
16122
19747
13036
9142
59965
54491
49600
6805
55373
20675
13964
3139
12665
15048
64333
31282
20805
58472
27122
62929
8390
25226
12173
37407
37792
24267
42407
21769
56207
50483
22899
9408
47309
63418
60105
12425
48789
10703
55079
38744
52361
29496
19794
13203
44496
48676
40388
57475
39304
12581
15537
906
23210
7407
54393
4653
61240
31272
21434
6178
58080
6772
11343
14411
52577
10177
49690
24562
27269
34474
62386
294
64420
58607
57028
36745
30224
13368
29393
21175
35828
14589
29883
55676
21940
25060
5073
37290
26795
18952
17341
9454
51804
22028
34931
47678
19371
62573
59522
53077
55593
11461
24716
21242
4124
41436
11656
42530
59865
64877
35239
16245
52837
16917
13303
15943
2673
37324
5215
2671
39982
5043
32413
8177
5498
17694
36404
13693
52402
28651
42336
47423
22719
14542
51976
13449
58147
58814
24302
60074
38727
20333
59122
11174
11521
23966
27181
49047
6197
64042
50139
15452
33712
14790
38066
59742
14494
9229
63183
13244
60820
17010
11720
1388
28603
53467
42966
34034
50884
62396
59020
65360
34050
30777
28626
32165
54660
20100
38355
39649
21491
54085
30431
31289
5464
60398
54119
10653
57858
11280
9201
44440
11624
53655
19536
46615
55652
56309
22289
52104
17310
62992
25256
64832
3875
11447
19367
59680
2108
57756
8441
54107
45559
59474
63369
45817
15130
1372
24947
19648
33757
20794
15189
37890
1161
47300
28804
35916
18429
50383
32986
19396
26521
1295
20907
16421
40750
40630
62000
62397
49839
31278
54787
54469
59307
42816
61135
25628
18945
2050
25103
48300
60807
51452
35997
28937
63815
28972
14955
56917
8083
52903
827
18118
9303
15538
34116
17732
36571
58339
37259
8480
17495
60121
47974
30142
4423
34846
3969
39620
64178
42581
49641
8741
4381
36527
12740
46619
64631
34009
2971
32851
38488
63911
41889
58571
26386
17907
51301
20142
22353
6858
18161
32259
38835
46227
34461
5278
48541
45111
38320
10789
23143
23743
50915
32757
28618
43910
62993
24289
63516
59299
45735
22851
44568
12540
51871
104
2922
52887
20535
57530
26538
12440
15200
31094
32045
44063
5093
6457
56754
27052
39236
63577
33629
15736
33715
4970
51754
63997
47610
8963
42122
48690
1946
1596
42995
4244
8495
47369
43673
64338
11543
64286
60151
58223
20224
21648
47010
18276
50710
60643
51063
24301
42063
31887
38656
44476
58411
3217
41688
45258
29156
46230
29527
976
12361
30242
33024
40570
34424
11739
1594
52815
18811
58836
47256
4092
40813
9333
44284
21256
23937
27431
43314
14308
2444
6703
36390
18889
54185
10070
27871
34038
43216
32441
22632
37227
21923
40108
56850
57491
2976
33097
23005
25435
56093
33717
22462
37849
14990
15553
20811
9077
56096
34429
21875
45998
51824
420
59745
22528
7594
25917
48122
39971
48330
50895
21779
64524
49421
58077
18074
9294
63683
10298
45414
11051
19717
52947
26197
53518
20407
57745
26683
23
41114
59765
11091
16501
7912
65442
31762
946
37106
28494
22223
25687
41812
3063
58554
58987
22687
15600
48935
29028
44469
58036
45799
15044
23549
10957
52510
1694
10366
57108
47400
59684
53814
51985
12704
53739
20480
14329
61325
28238
18384
26088
11826
12627
52412
35534
27562
3115
28753
27858
12508
11135
45331
6231
60730
1353
14366
20109
15257
11336
12242
27905
19209
58567
33284
19050
45955
58803
46846
5049
12185
25503
11964
57858
15970
2364
47283
36395
57487
618
53517
24708
314
50754
6445
5192
28003
25215
26795
5543
44677
43207
46314
37246
47442
62516
17424
2147
44421
56034
959
16692
15517
42672
27990
32878
4682
35595
18052
3007
51713
40564
45605
54290
44385
28558
31896
41073
62068
34355
8386
47937
17087
48103
61847
46143
32734
49265
17665
59142
54068
12758
1077
47208
23174
39654
46011
22180
1405
2263
24037
44120
27105
2831
24779
49263
40786
23821
38173
8264
64299
18950
2068
20238
2575
5603
41671
34132
2908
5377
51639
42518
32710
32145
35028
54582
17971
65480
17750
63281
17228
10970
28781
57063
50047
8310
724
3044
39006
22248
8839
61202
28567
53223
1815
61669
781
51236
8775
50502
55898
20226
13956
46874
54847
14373
51595
14996
63290
11180
2603
58631
8807
35211
16908
32664
35559
49819
1527
15575
48863
2392
61348
30311
61392
56366
63743
43825
12256
25679
63040
58905
743
34642
22333
15308
58751
59454
19147
950
424
61958
36396
19700
19483
32230
49792
57129
20304
59210
13895
39054
40860
38551
14190
58546
14652
3685
24896
36353
56557
22586
52410
7387
64037
32567
1197
52324
27846
386
58014
60811
4245
9785
46471
6496
12349
62999
2123
12952
64902
62212
26952
7820
8825
39630
24924
27224
60540
14861
37079
28614
42717
43202
4400
916
46829
34528
56363
49855
64909
11027
64699
10125
52906
7565
57820
34379
30849
50792
46272
36952
39571
10871
51520
17258
36104
10906
879
27039
25511
60981
14570
7786
4472
46625
64556
38922
47834
17734
9517
1349
34938
63441
62945
55116
21896
48214
22485
16523
7647
35949
25522
48836
25300
1975
17534
15298
58572
33073
35271
32967
19075
21383
33410
51500
16341
31440
57038
12615
37994
12716
38991
30817
44802
4096
26807
15689
14429
44825
30247
64600
14298
4009
31957
64182
29075
23870
50256
55466
37029
32643
52861
12895
60499
15069
10874
39354
57827
11198
10693
64391
7741
15465
45737
14100
60219
2985
38267
40305
56799
28173
364
18893
11267
18657
51336
45266
22167
44832
28232
40109
7996
44869
13619
44060
43371
14800
41707
51112
4242
30653
2762
59672
41347
5742
16205
28529
44909
20313
11624
14618
27009
36703
9801
10066
64845
34937
6680
15670
18328
31732
36128
27482
7540
58983
40600
10973
6045
29385
1091
26090
45681
13265
13200
31256
35762
58278
65099
21625
37051
26235
58649
10994
10162
19249
57063
20451
34189
2221
38222
38033
34905
59571
51655
46111
29122
12764
20942
55284
22776
5290
29029
64099
47175
2614
8535
20546
10283
32314
41821
64138
52502
61951
21825
59611
51660
8093
24396
6947
15656
30795
9466
38836
24568
34055
25923
27418
1256
2354
45916
48673
22864
52837
45539
21372
60247
1000
6359
65198
18237
58203
50381
65504
1737
38265
17755
2162
33778
40964
35657
58840
8174
58155
14113
59341
40689
54656
32977
29657
25656
47076
21739
9284
14127
42681
14601
20980
4290
6715
43349
17778
16938
8230
27946
28421
47016
12262
57765
19347
13749
42710
9065
35392
20846
47307
58498
51029
23292
23269
16614
65221
60612
26000
57215
24133
62716
57163
7431
57175
7645
23665
39772
15162
10647
48294
53418
16933
4639
46818
14552
14094
45812
54276
35084
14097
22080
13197
745
56519
56307
34062
18980
6151
1687
4727
275
29075
11449
26787
10950
701
39506
15588
47089
42343
36266
2964
40919
64579
31930
60713
51056
48495
29276
63358
5566
2379
39181
23945
44291
59442
15152
24141
58596
35930
30063
62147
27998
34412
61363
3560
28461
25074
59170
6583
26014
22480
59295
16946
27681
58701
38926
29946
11379
19833
50356
14477
24443
63354
24343
40905
7344
24258
20605
17222
18838
53867
52746
64939
25125
65370
64127
27303
11211
43511
29599
40315
51869
37613
14600
21534
11708
60562
45487
20326
26106
61731
24873
59343
50933
973
30416
1683
10547
54942
24730
21624
50113
64685
29439
25706
10711
61978
56127
2389
33824
5763
23835
18763
321
2491
8024
54696
12969
52232
54738
22734
46127
18170
34377
4750
27792
50911
54284
26709
46142
38456
26045
40902
63365
19468
6218
25670
54681
64503
44308
14719
33507
45152
10881
25849
44250
65031
528
9983
43782
25835
27712
25597
62005
24279
22588
7956
26236
32768
48355
5654
29552
43317
56319
52354
54659
44977
34949
33286
32138
13082
62913
54561
39214
53119
41353
15704
48871
29946
23616
58550
57843
64779
55342
26600
62024
25943
42962
12866
56592
420
27471
23290
45233
58243
53549
44060
18381
14138
7343
51267
27963
14379
37036
41058
33888
16664
34564
30430
53792
36606
65455
10139
2543
3547
47757
37943
19237
3451
1161
11466
5622
59798
9307
44599
18898
3745
29173
6137
163
31278
424
54381
48711
62860
32279
48814
6061
18445
51352
21238
52873
60886
53255
49730
46067
27395
34291
61954
38500
29698
14198
28321
14213
57195
21905
44999
2965
60561
2714
15955
27282
37955
22376
41070
16981
50294
24110
14677
10324
60404
13083
42762
1589
20364
23247
46836
11285
58995
23790
61471
17770
25182
14563
54385
24644
19682
21601
17452
62399
52702
40638
26962
41306
56935
32582
52326
16331
14379
34326
4140
13808
54395
34210
46611
39205
2269
38331
35572
48927
36213
52889
42913
52485
57734
31146
36047
5529
44888
32845
31432
882
21333
27266
32203
411
13292
1609
17075
13207
52873
42463
15389
1728
29636
34625
24655
46725
24148
27102
22670
9828
40224
64353
50045
58498
28167
36163
8237
32147
19559
53352
53075
41669
2260
44891
55879
4556
48798
3994
24470
51503
23095
32624
9116
2433
64229
47497
26937
54639
5480
63280
41932
47733
58547
44669
6776
32718
11583
50040
29110
55048
55919
46123
25355
36177
61819
34190
54703
13650
15772
51606
45482
44024
11725
57387
1270
47167
13636
37228
11353
16285
25926
24965
27955
61369
56333
38955
61744
58348
9391
45513
36792
3299
39745
42808
46783
27775
371
33527
35593
42637
2991
52481
8414
40119
12159
33544
48818
26639
45715
16050
13412
64708
48855
63021
55592
60223
35500
63054
59704
13339
51811
64075
37979
65265
62955
2251
13409
42636
6221
56646
44693
18002
32693
52188
2397
23054
20588
55578
62953
8034
18508
46902
41025
10131
22593
40410
44102
37895
19988
54912
30534
27676
50045
25033
63867
18697
60861
11184
22677
18885
12175
294
20419
58836
57075
17006
3650
29239
32744
14732
63197
27217
29381
58067
45007
28154
32781
50644
35806
34221
8226
23116
25295
57160
30437
62828
25746
19200
14494
50679
42623
50885
54486
60863
56083
53346
55530
11427
11971
3739
29995
61176
30450
8929
9363
49606
19573
60611
35908
20631
65436
12516
20429
58421
7277
58665
3337
1861
46710
21662
8570
17852
25396
12783
58442
32119
17312
23905
681
62493
60228
45185
44695
50367
10809
49225
51732
13045
21971
25689
20167
61922
27991
45609
1148
15478
35482
27849
43209
42289
18411
25092
60970
50895
36881
18118
26854
2930
50908
29610
17678
37977
55498
11736
1814
26456
25323
61643
43839
56460
32067
49211
37853
9872
63827
2797
48571
63128
17546
30956
33559
60014
31561
39126
7896
44896
5342
12053
7805
4207
56106
44625
49241
2343
44909
64898
58683
57748
15249
53335
50195
30848
39784
682
28471
28425
31153
62998
22919
57337
8673
4146
11454
27618
2901
50831
15786
3341
48965
56505
42776
41186
22280
35125
38877
2444
25231
4923
63958
49979
42852
51848
46572
22982
48012
58667
5640
49182
37235
61402
51940
51
63041
29888
43472
5042
64169
10521
53220
64790
27389
57031
58934
62302
28703
21530
11700
55787
29848
18456
26692
51771
23549
57443
7854
62044
50611
65163
18718
54016
17272
37449
25013
54118
65083
44287
16089
48409
40607
31164
38284
11181
24280
14230
9567
21032
35937
58195
27887
2160
44245
25694
36595
65302
33767
2666
4781
11722
47434
6683
12830
51210
56070
35986
50090
40327
41070
59362
29026
29422
64952
21206
53846
19450
17352
29126
18777
48606
57853
50632
61747
57841
45190
38503
39477
9880
27641
43051
37867
1629
55915
23744
18574
12277
29355
46442
14238
26623
6358
7029
59162
53395
21707
61426
37013
32379
35373
13339
26486
549
2172
10092
49004
63917
20193
9761
35649
58279
10428
57927
9884
27218
25802
50566
9723
54539
65211
58991
13197
36155
35395
52668
5148
5235
53010
9447
57042
22434
63031
37668
31827
61768
34492
24716
7660
13456
16310
52981
14940
52862
31803
21552
50963
58943
43834
41243
58030
61712
50716
64513
47833
4926
42356
58960
47467
37953
41556
10134
43767
25187
56986
35008
48171
52462
53202
9450
34020
49891
52797
23180
52234
3475
31456
65195
26030
57932
29052
7681
37343
30749
4544
